@relation vowel
@attribute TT integer [0, 1]
@attribute SpeakerNumber integer [0, 14]
@attribute Sex integer [0, 1]
@attribute F0 real [-5.211, -0.941]
@attribute F1 real [-1.274, 5.074]
@attribute F2 real [-2.487, 1.431]
@attribute F3 real [-1.409, 2.377]
@attribute F4 real [-2.127, 1.831]
@attribute F5 real [-0.836, 2.327]
@attribute F6 real [-1.537, 1.403]
@attribute F7 real [-1.293, 2.039]
@attribute F8 real [-1.613, 1.309]
@attribute F9 real [-1.68, 1.396]
@attribute Class {0, 1, 2, 3, 4, 5, 6, 7, 8, 9, 10}
@inputs TT, SpeakerNumber, Sex, F0, F1, F2, F3, F4, F5, F6, F7, F8, F9
@outputs Class
@data
0, 0, 0, -3.327, 0.496, -0.694, 1.365, -0.265, 1.933, -0.363, 0.51, -0.621, -0.488, 1
0, 0, 0, -3.941, 2.305, 0.124, 1.771, -1.815, 0.593, -0.435, 0.992, 0.575, -0.301, 7
0, 0, 0, -2.135, 0.954, -1.632, 0.121, -0.704, 1.6, -0.628, 0.713, -0.903, -0.027, 2
0, 0, 0, -2.826, 2.003, -0.738, 0.801, -1.669, 0.939, 0.245, -0.257, 0.256, -0.458, 5
0, 0, 0, -3.673, 1.811, -1.405, 1.621, 0.044, 1.572, -0.453, 0.745, -0.066, -0.733, 9
0, 0, 0, -2.946, 1.649, -1.167, 0.788, -0.909, 1.3, -0.562, 0.902, -0.07, -0.842, 10
0, 0, 0, -3.165, 0.408, -0.971, 1.207, -0.298, 1.921, -0.215, 0.723, -0.492, -0.425, 1
0, 0, 0, -3.74, 1.832, -1.384, 1.587, 0.049, 1.642, -0.516, 0.707, -0.169, -0.522, 9
0, 0, 0, -3.062, 0.351, -1.071, 1.061, -0.355, 1.99, -0.21, 0.796, -0.358, -0.299, 1
0, 0, 0, -3.559, 2.126, -0.445, 1.053, -1.765, 0.349, 0.546, 0.321, 0.443, -0.118, 6
0, 0, 0, -3.618, 1.576, -1.14, 0.699, -0.741, 1.633, -0.387, 1.086, 0.235, -0.388, 8
0, 0, 0, -3.593, 0.29, -0.782, 1.707, -0.175, 1.662, -0.137, 0.493, -0.492, -0.926, 0
0, 0, 0, -3.065, 2.372, -1.002, 0.496, -1.295, 0.86, 0.327, -0.404, 0.067, -0.155, 5
0, 0, 0, -3.869, 1.86, -1.646, 1.612, 0.044, 1.531, -0.493, 0.862, -0.106, -1.001, 9
0, 0, 0, -2.666, 1.516, -1.198, 0.741, -1.066, 1.24, -0.574, 0.965, -0.13, -0.711, 10
0, 1, 0, -4.161, 2.937, 0.157, 0.336, -0.968, 0.641, 0.088, 0.237, 0.565, 0.823, 8
0, 1, 0, -4.275, 0.162, 0.728, 0.662, 0.94, 1.269, 0.711, 0.073, -0.827, -0.655, 0
0, 1, 0, -2.441, 1.415, 0.386, -0.335, -0.187, -0.079, -0.0, -0.175, 0.792, -0.026, 5
0, 1, 0, -4.323, 2.853, 0.385, 0.209, -1.096, 0.431, 0.119, 0.268, 0.131, 0.654, 8
0, 1, 0, -4.676, 2.537, 0.075, 0.73, -0.933, 1.493, 0.049, 0.076, 0.254, 0.276, 9
0, 1, 0, -3.092, 3.014, -0.307, -0.016, -0.956, 0.195, -0.227, 0.367, 0.958, -0.092, 6
0, 1, 0, -3.917, 3.496, 0.409, -0.531, -1.15, 0.017, 0.605, 0.977, -0.328, 0.447, 7
0, 1, 0, -4.759, 2.696, 0.104, 0.697, -0.787, 1.114, 0.205, -0.066, 0.369, 0.306, 9
0, 1, 0, -4.314, -0.106, 1.044, 1.192, 0.687, 0.763, 0.158, -0.193, -1.342, -0.447, 0
0, 1, 0, -2.351, 1.53, 0.086, -0.075, -0.426, 0.125, -0.197, 0.033, 0.848, -0.038, 5
0, 1, 0, -3.985, 3.614, 0.584, -0.42, -1.105, -0.174, 0.348, 0.885, -0.165, 0.65, 7
0, 1, 0, -4.88, 3.064, 0.06, 0.434, -0.575, 0.897, 0.25, 0.085, 0.093, 0.445, 9
0, 1, 0, -2.051, 1.508, -1.641, -0.058, -0.102, 0.346, -0.021, 0.109, -0.147, -0.298, 3
0, 1, 0, -4.136, 3.582, -0.407, -0.038, -0.687, 1.031, 0.491, 0.157, 0.305, 0.028, 8
0, 2, 0, -1.202, -0.253, -2.487, 0.809, -0.367, 2.169, 0.32, 1.034, -1.385, -0.706, 0
0, 2, 0, -2.308, 2.023, -0.203, 1.493, -1.223, 0.379, -0.481, 1.403, -0.045, 0.402, 4
0, 2, 0, -1.393, -0.305, -2.29, 1.1, -0.254, 2.327, 0.363, 0.795, -1.521, -0.756, 0
0, 2, 0, -1.57, 1.655, -1.04, 1.16, -0.923, 0.961, -0.231, 0.955, -0.273, 0.065, 3
0, 2, 0, -1.891, 1.776, -0.518, 1.461, -1.05, 0.567, -0.307, 1.152, -0.239, 0.325, 5
0, 2, 0, -1.384, -0.321, -2.266, 0.937, -0.289, 2.29, 0.463, 1.096, -1.436, -0.701, 0
0, 2, 0, -1.28, 0.798, -1.647, 0.968, -0.418, 1.609, -0.031, 1.224, -0.374, 0.044, 2
0, 2, 0, -4.386, 2.271, -0.157, 1.536, -0.614, 0.23, 0.57, -0.117, 1.074, 0.397, 9
0, 2, 0, -2.53, 1.492, -0.936, 1.21, -1.154, 1.316, -0.267, 1.149, 0.226, -0.77, 10
0, 2, 0, -1.494, 0.663, -1.58, 1.191, -0.252, 1.777, -0.072, 1.189, -0.409, 0.09, 2
0, 2, 0, -2.274, 1.653, -0.226, 1.857, -0.971, 0.327, -0.605, 1.121, 0.121, 0.291, 4
0, 3, 0, -1.614, 0.287, -1.195, -0.252, -0.257, 1.251, 0.281, 0.898, 0.188, -0.423, 1
0, 3, 0, -2.03, 1.764, -0.386, -0.249, 0.18, 0.117, 0.096, -0.121, 0.067, -0.552, 3
0, 3, 0, -2.55, 2.629, 0.084, -0.159, -0.882, 0.093, -0.19, 0.961, 0.032, -0.589, 4
0, 3, 0, -3.193, 2.026, 0.83, 0.813, -1.205, 0.036, -0.95, 0.786, 1.045, 0.21, 6
0, 3, 0, -2.431, 1.873, 0.208, 0.123, -0.634, 0.178, 0.04, 0.612, 0.446, -0.562, 5
0, 3, 0, -2.434, 0.87, 0.127, 0.224, -0.811, 0.666, -0.233, 0.705, 0.408, 0.136, 10
0, 3, 0, -1.388, 0.215, -1.105, -0.295, -0.39, 1.282, 0.356, 0.816, 0.292, -0.376, 1
0, 3, 0, -2.375, 1.642, 0.308, 0.255, -0.82, 0.225, -0.092, 0.874, 0.367, -0.525, 5
0, 3, 0, -3.062, 1.008, 0.935, 1.443, -0.579, 0.068, -1.333, 0.106, 0.958, 0.979, 6
0, 3, 0, -1.495, 0.117, -1.134, -0.249, -0.37, 1.286, 0.348, 0.854, 0.313, -0.376, 1
0, 3, 0, -1.921, 0.719, -0.95, 0.299, 0.222, 0.786, 0.128, 0.588, -0.462, -0.491, 2
0, 3, 0, -2.291, 1.146, 0.352, 0.354, -0.714, 0.08, -0.181, 0.787, 0.709, -0.409, 5
0, 3, 0, -2.834, 0.654, 0.733, 1.434, -0.716, -0.028, -0.841, 0.239, 0.92, 0.885, 6
0, 4, 1, -2.758, 2.067, -0.31, -0.543, -0.687, 0.091, 0.881, 0.172, -0.454, -0.093, 4
0, 4, 1, -2.497, 1.607, -0.621, -0.446, -0.226, -0.152, 1.16, 0.122, -0.809, 0.495, 5
0, 4, 1, -3.893, 3.69, 0.079, -0.151, -1.093, -0.518, 0.198, 1.583, -0.257, -0.169, 7
0, 4, 1, -2.91, 0.918, -0.138, -0.382, 0.115, 0.29, 0.418, 0.757, -0.898, -0.189, 10
0, 4, 1, -3.39, -0.956, 0.476, 1.547, 0.658, 1.504, -0.65, -0.604, -0.295, 0.616, 0
0, 4, 1, -2.927, 2.202, -0.532, -0.486, -0.519, 0.585, 0.813, -0.133, -0.475, -0.349, 4
0, 4, 1, -2.837, 0.528, 0.241, 1.629, 0.23, -0.545, -0.643, -0.231, -0.186, 0.45, 2
0, 4, 1, -1.611, 0.831, -0.056, -0.048, -0.044, -0.423, 0.289, -0.092, -0.633, 0.221, 3
0, 4, 1, -3.693, -0.568, 0.727, 1.236, 0.612, 1.502, -0.804, -0.763, -0.346, 0.788, 0
0, 4, 1, -4.077, 2.542, 0.039, 0.082, 0.218, 0.393, 0.324, 0.399, -0.658, -0.964, 8
0, 5, 1, -3.389, 2.762, -0.71, -0.026, -0.641, 0.112, 0.775, 0.443, -0.11, -0.979, 6
0, 5, 1, -3.741, 2.7, -1.593, 0.782, -0.298, 1.378, 0.184, 1.458, -0.134, -1.297, 8
0, 5, 1, -4.694, 3.229, -1.153, 0.702, 0.452, 0.298, 0.454, 0.0010, -0.264, -1.399, 9
0, 5, 1, -2.515, 1.34, -0.84, 0.511, -0.492, 0.098, 0.047, -0.68, -0.283, 0.168, 3
0, 5, 1, -2.882, 2.165, -0.589, 0.173, -1.165, 0.014, 0.571, 0.502, -0.093, -0.616, 4
0, 5, 1, -2.612, 1.403, -0.87, 0.47, -0.448, 0.172, -0.06, -0.656, -0.334, 0.087, 3
0, 5, 1, -3.594, -0.137, -0.028, 1.018, 1.069, 0.723, 0.695, -0.982, -1.433, 0.249, 0
0, 5, 1, -3.426, 0.584, -0.469, 1.776, 0.566, 1.686, 0.07, 0.081, -1.483, -0.141, 1
0, 5, 1, -4.175, 3.32, -0.446, 0.988, -1.48, 0.133, 0.507, 0.605, 0.691, -0.462, 7
0, 5, 1, -3.091, 0.935, -0.574, 1.36, 0.416, 0.764, -0.48, -0.144, -1.295, 0.696, 2
0, 5, 1, -2.85, 1.446, -0.792, 0.482, -0.365, 0.046, -0.029, -0.761, -0.251, 0.113, 3
0, 5, 1, -2.884, 2.424, -0.764, -0.108, -1.015, 0.361, 0.712, 0.133, -0.017, -0.847, 4
0, 5, 1, -2.656, 1.263, -0.527, 0.464, -0.612, 0.668, -0.16, 0.857, -0.416, -0.596, 5
0, 5, 1, -4.172, 3.188, -0.375, 1.028, -1.41, 0.0080, 0.513, 0.635, 0.802, -0.28, 7
0, 5, 1, -3.404, 0.506, -0.591, 1.627, 0.66, 1.456, 0.068, 0.381, -1.494, -0.453, 1
0, 5, 1, -2.898, 2.421, -0.81, -0.043, -1.164, 0.448, 0.69, 0.218, -0.078, -0.876, 4
0, 5, 1, -4.076, 3.336, -0.688, 0.677, -1.472, 0.461, 0.682, 0.724, 0.717, -0.409, 7
0, 6, 1, -1.885, 2.214, -0.673, 0.147, -0.148, -0.4, 0.252, -0.098, -0.874, 0.245, 3
0, 6, 1, -2.488, 2.822, -0.239, -0.33, -1.355, 0.284, 0.101, 0.934, -0.966, -0.31, 4
0, 6, 1, -3.984, 2.29, -0.103, -0.707, 0.297, 0.317, 0.857, 1.403, -1.253, -0.298, 8
0, 6, 1, -4.964, 2.78, 0.474, 0.047, 0.417, -0.328, 0.334, 0.474, -1.26, -0.221, 9
0, 6, 1, -2.528, 1.288, -0.144, -0.171, -0.077, 0.26, -0.045, 0.681, -1.399, -0.066, 10
0, 6, 1, -2.415, 2.517, -0.285, 0.085, -0.902, 0.283, 0.302, 0.247, -1.207, 0.371, 5
0, 6, 1, -2.776, 2.563, 0.532, 0.277, -1.47, -0.368, -0.278, 1.479, -0.164, -0.797, 6
0, 6, 1, -5.069, 2.119, 0.826, -0.274, 0.576, 0.145, 0.308, 1.001, -1.412, -0.306, 9
0, 6, 1, -3.152, 0.086, -0.325, 0.868, 1.084, 0.753, -0.522, -0.0050, -0.821, 0.483, 1
0, 6, 1, -2.558, 0.755, -0.66, 1.366, 0.038, -0.011, -0.443, -0.531, -0.062, 0.418, 2
0, 6, 1, -2.93, 2.014, -0.7, 0.206, -0.088, 0.153, 0.142, -0.031, -1.437, 0.615, 10
0, 7, 1, -3.753, 0.828, -0.042, 1.406, 0.209, -0.53, -0.52, -0.4, -0.386, 1.07, 2
0, 7, 1, -3.749, 3.018, -0.755, -0.452, -0.666, 0.209, 0.741, 0.9, -1.613, 0.128, 6
0, 7, 1, -4.395, 1.864, 0.503, 1.718, 0.241, -0.817, -0.672, -0.687, -0.449, 1.396, 1
0, 7, 1, -4.058, 1.072, 0.157, 1.136, 0.385, -0.687, -0.583, -0.185, -0.3, 1.177, 2
0, 7, 1, -3.975, 3.066, -0.506, -0.827, -0.478, 0.434, 0.356, 0.939, -1.309, 0.204, 6
0, 7, 1, -4.151, 2.069, -0.605, 0.111, 0.41, 0.354, -0.284, -0.381, -0.507, 0.737, 10
0, 7, 1, -5.125, 2.077, 1.283, 2.003, -0.734, -0.513, -0.557, 0.055, 0.295, 0.269, 0
0, 7, 1, -4.316, 1.409, 0.441, 1.819, 0.5, -0.617, -0.633, -0.621, -0.671, 1.193, 1
0, 7, 1, -4.471, 4.461, -1.887, -0.799, 0.719, 0.938, 0.239, 0.342, -1.036, -0.06, 7
0, 7, 1, -4.115, 1.856, -0.738, 0.132, 0.658, 0.329, -0.252, -0.123, -0.53, 0.456, 10
0, 7, 1, -4.544, 1.672, 0.643, 1.281, 0.504, -0.803, -0.709, -0.229, -0.546, 1.058, 1
0, 7, 1, -4.122, 1.735, -1.34, 0.615, 0.03, 0.353, 0.345, -0.104, -0.54, 0.988, 5
0, 7, 1, -4.513, 4.265, -1.477, -1.09, 0.215, 0.829, 0.342, 0.693, -0.601, -0.056, 7
0, 7, 1, -5.034, 4.993, -1.633, -0.285, 0.398, 0.181, -0.211, -0.508, -0.283, 0.304, 9
1, 8, 0, -1.768, 1.769, -1.142, -0.739, -0.086, 0.12, -0.23, 0.217, -0.0090, -0.279, 3
1, 8, 0, -2.509, 1.326, 0.354, 0.663, -0.724, 0.418, -0.496, 0.713, 0.638, -0.204, 5
1, 8, 0, -2.764, 1.111, 0.727, 1.54, -0.855, 0.261, -1.11, 0.227, 0.42, 0.991, 6
1, 8, 0, -2.499, 0.119, -0.82, 0.346, 0.347, 1.696, 0.245, 0.689, -0.084, -0.596, 1
1, 8, 0, -2.633, 0.672, -0.372, 0.439, 0.437, 0.907, -0.402, -0.04, -0.366, -0.741, 2
1, 8, 0, -2.733, 1.088, 0.761, 1.694, -0.833, 0.292, -1.069, 0.266, 0.369, 1.034, 6
1, 8, 0, -4.848, 1.115, 0.932, 1.615, -0.589, 0.592, -0.446, -0.366, -0.447, 1.294, 9
1, 8, 0, -2.632, 0.881, 0.71, 1.8, -0.75, 0.33, -1.128, 0.177, 0.339, 1.166, 6
1, 8, 0, -3.888, 3.085, 0.436, 0.142, -1.526, -0.052, -0.503, 1.085, 0.511, 0.976, 7
1, 8, 0, -3.824, 1.832, 1.093, 1.024, -1.09, 0.56, -0.336, 0.299, 0.126, 1.005, 8
1, 8, 0, -2.92, 2.697, -0.116, 0.451, -0.859, -0.035, -0.307, 0.874, 0.622, -0.301, 4
1, 8, 0, -3.989, 3.049, 0.304, 0.209, -1.26, -0.205, -0.735, 0.862, 0.551, 1.114, 7
1, 8, 0, -1.969, 0.835, -0.671, -0.27, 0.028, 0.4, -0.444, 0.53, 0.061, -0.343, 3
1, 9, 0, -2.765, 2.817, -2.02, 0.213, -0.772, 0.852, 0.252, -0.193, -0.202, -0.093, 4
1, 9, 0, -2.55, 2.391, -1.137, 0.09, -0.948, 0.217, 0.051, 0.723, -0.558, -0.204, 5
1, 9, 0, -4.047, 3.899, -0.423, 0.147, -1.273, 0.203, 0.317, 0.531, 0.584, -0.11, 7
1, 9, 0, -4.101, 2.84, -0.802, 0.062, -0.733, 1.304, -0.145, 0.443, 0.049, -0.611, 8
1, 9, 0, -3.339, 1.004, -0.747, 1.505, -0.068, 1.007, -0.017, 0.377, -0.775, -0.899, 1
1, 9, 0, -2.008, 0.785, -1.489, 0.654, -0.685, 0.313, -0.085, 0.856, -0.516, -0.053, 2
1, 9, 0, -1.951, 1.684, -1.039, 0.586, -1.166, 0.345, 0.33, -0.108, -0.198, -0.609, 3
1, 9, 0, -4.033, 4.071, -0.586, 0.127, -1.447, 0.62, 0.197, 0.711, 0.48, -0.306, 7
1, 9, 0, -2.823, 2.743, -2.012, 0.234, -0.919, 1.103, 0.091, -0.177, -0.143, -0.09, 4
1, 9, 0, -4.049, 4.039, -0.558, 0.064, -1.676, 1.024, 0.047, 1.024, -0.091, -0.283, 7
1, 9, 0, -4.13, 3.291, -1.424, 0.359, -0.273, 1.297, -0.454, 0.62, -0.527, -0.709, 8
1, 9, 0, -1.895, 0.755, -1.388, 0.638, -0.614, 0.246, -0.033, 0.693, -0.27, -0.346, 2
1, 9, 0, -2.797, 2.706, -1.936, 0.147, -0.921, 1.24, -0.082, -0.0060, -0.214, -0.064, 4
1, 9, 0, -4.064, 4.106, -0.545, 0.03, -1.645, 0.904, 0.103, 0.907, 0.05, -0.322, 7
1, 9, 0, -1.926, 0.689, -1.433, 0.716, -0.588, 0.269, -0.044, 0.716, -0.245, -0.285, 2
1, 9, 0, -4.074, 4.187, -0.555, 0.052, -1.603, 0.73, -0.061, 0.981, 0.249, -0.25, 7
1, 9, 0, -4.827, 3.391, -0.099, 0.599, -0.723, 0.741, 0.089, -0.214, 0.518, -0.074, 9
1, 9, 0, -3.735, 2.096, -0.818, 0.463, -0.221, 1.144, 0.023, 0.224, -0.745, -0.325, 10
1, 9, 0, -2.914, 2.541, -1.567, 0.067, -1.051, 1.207, 0.0060, 0.289, -0.325, -0.343, 4
1, 9, 0, -4.884, 3.63, -0.279, 0.496, -0.67, 0.792, -0.0050, -0.137, 0.532, -0.184, 9
1, 9, 0, -3.756, 2.204, -0.716, 0.529, -0.284, 1.121, 0.022, 0.127, -0.782, -0.394, 10
1, 10, 0, -2.482, 1.896, -1.289, 0.112, 0.285, 0.096, 0.022, 0.832, -0.333, -0.764, 3
1, 10, 0, -2.973, 3.557, -0.396, -0.719, -0.669, 0.923, 0.293, 1.009, 0.14, -1.098, 6
1, 10, 0, -3.863, 3.245, -0.996, 0.486, -0.348, 0.19, 0.558, 1.342, 0.176, -0.318, 8
1, 10, 0, -2.667, 1.132, -1.054, 0.232, 0.537, 0.352, 0.163, 0.55, -0.688, -0.295, 2
1, 10, 0, -3.894, 0.117, -0.407, 1.973, 0.043, 1.891, 0.411, -0.095, -0.436, -1.015, 0
1, 10, 0, -2.615, 1.185, -1.162, 0.395, 0.459, 0.345, 0.298, 0.456, -0.62, -0.307, 2
1, 10, 0, -2.303, 1.954, -1.493, 0.305, 0.047, 0.056, 0.026, 0.902, -0.522, -0.645, 3
1, 10, 0, -3.96, 3.373, -1.235, 0.152, 0.031, 0.664, 0.558, 0.841, -0.133, -0.317, 8
1, 10, 0, -3.789, 1.42, -0.372, 0.568, 0.123, 0.185, 0.078, 1.006, -0.722, -0.391, 10
1, 10, 0, -3.644, -0.215, -0.579, 2.307, 0.046, 1.945, 0.28, 0.272, -0.539, -1.226, 0
1, 10, 0, -3.337, -0.347, -0.79, 2.129, -0.058, 2.079, 0.295, 0.246, -0.687, -1.241, 0
1, 10, 0, -4.893, 3.37, -0.464, 0.538, -0.327, 0.496, 0.27, 0.47, 0.742, -0.141, 9
1, 10, 0, -3.664, 1.119, -0.459, 0.482, 0.082, 0.221, 0.185, 0.861, -0.237, -0.413, 10
1, 11, 0, -3.823, 3.536, -2.07, 0.245, -0.442, 1.125, 0.73, 0.538, -0.0060, -0.64, 7
1, 11, 0, -2.596, 1.867, -0.208, 0.208, -0.574, 0.146, -0.214, 0.116, 0.395, -0.541, 4
1, 11, 0, -2.378, 1.568, -0.243, 0.407, -0.428, 0.229, -0.293, 0.297, 0.372, -0.512, 5
1, 11, 0, -3.117, 2.876, -0.746, -0.047, -0.427, -0.053, 0.453, 0.305, 0.541, -0.489, 6
1, 11, 0, -4.094, 3.586, -0.845, -0.026, -0.538, 0.964, 0.666, 0.647, -0.412, -0.477, 8
1, 11, 0, -2.957, 0.596, -0.756, 0.89, 0.58, 0.836, 0.543, 0.036, -0.232, -0.579, 1
1, 11, 0, -2.904, 0.458, -0.656, 0.832, 0.61, 0.805, 0.568, 0.041, -0.114, -0.615, 1
1, 11, 0, -2.147, 1.655, -0.355, -0.082, -0.194, 0.296, 0.146, -0.083, -0.314, -0.308, 3
1, 11, 0, -2.391, -0.347, -1.474, 0.843, 0.089, 2.021, 0.417, 0.502, -0.86, -0.978, 0
1, 11, 0, -4.039, 3.689, -1.007, -0.139, -0.542, 0.587, 0.535, 0.465, 0.194, 0.168, 7
1, 11, 0, -3.285, 1.547, -0.897, 0.917, 0.127, 0.402, -0.011, 0.502, -0.557, -0.715, 10
1, 12, 1, -3.415, -0.538, 0.241, 2.038, 0.622, 1.027, -0.701, -0.66, -0.418, 0.781, 0
1, 12, 1, -2.776, 3.557, -0.435, -1.044, -0.572, 1.273, 0.221, 0.295, -0.986, -0.04, 6
1, 12, 1, -3.909, 3.674, -0.648, 0.088, -0.365, 0.199, 0.424, 0.336, -0.012, -0.252, 8
1, 12, 1, -1.899, 2.135, 0.092, -0.11, -0.145, 0.081, -0.067, -0.104, -0.408, -0.099, 3
1, 12, 1, -3.828, 3.188, -0.388, 0.055, -0.185, -0.029, 0.503, 0.273, 0.326, 0.1, 8
1, 12, 1, -1.959, 2.285, -0.089, -0.262, -0.013, 0.019, -0.233, -0.068, -0.268, -0.022, 3
1, 12, 1, -2.919, 3.48, -0.823, -0.751, -0.416, 1.045, 0.609, 0.18, -1.172, 0.123, 6
1, 12, 1, -2.411, 3.85, -1.405, -0.302, -0.398, 1.069, 0.216, -0.291, -1.116, 1.043, 4
1, 12, 1, -3.292, 2.595, -0.578, 0.42, -0.233, 0.391, -0.241, 0.437, -0.541, -0.021, 10
1, 12, 1, -2.879, 2.662, -0.572, 0.425, -0.248, 0.213, 0.176, -0.281, -0.404, 0.605, 5
1, 12, 1, -2.818, 3.685, -1.413, -0.558, 0.025, 0.871, 0.688, -0.144, -0.93, 0.282, 6
1, 13, 1, -4.711, 1.166, 1.244, 1.746, 0.311, -0.305, -0.691, -0.137, -0.288, 1.023, 0
1, 13, 1, -2.931, 1.85, -0.896, 0.685, -1.0, 0.504, 0.212, -0.276, -0.203, 0.595, 3
1, 13, 1, -4.08, 2.242, -0.28, 1.876, 0.72, -0.292, -0.537, -0.54, -0.663, 0.238, 9
1, 13, 1, -3.483, 2.628, -0.383, 0.838, 0.2, 0.102, -0.162, -0.547, -0.791, 1.018, 10
1, 13, 1, -3.053, 1.518, -0.729, 0.828, -1.211, 0.499, 0.326, -0.136, -0.263, 0.75, 3
1, 13, 1, -2.967, 2.781, -1.277, 0.354, -0.936, 1.505, -0.0040, -0.418, -0.56, 0.725, 4
1, 13, 1, -3.446, 2.44, -0.37, 0.926, 0.194, 0.141, -0.098, -0.557, -0.889, 0.985, 10
1, 13, 1, -2.964, 2.811, -1.317, 0.324, -0.781, 1.369, 0.127, -0.368, -0.677, 0.493, 4
1, 13, 1, -3.963, 2.272, -0.534, 0.977, 0.329, 0.514, -0.363, -0.425, -0.712, 0.41, 8
1, 13, 1, -3.985, 2.192, -0.426, 2.163, 1.114, 0.016, -0.846, -0.468, -0.858, 0.037, 9
1, 13, 1, -3.966, 2.003, 0.391, 1.034, 0.659, -0.191, -0.448, -0.397, -0.769, 0.969, 1
1, 13, 1, -4.062, 2.358, -0.31, 1.895, 1.095, 0.049, -0.87, -0.524, -0.98, -0.065, 9
1, 13, 1, -3.862, 2.109, -0.65, 0.99, 0.724, 0.641, -0.293, -0.519, -1.055, 0.653, 8
1, 14, 1, -2.871, 3.13, -1.3, 0.0080, -0.288, 0.483, 0.258, -0.342, -0.614, 0.83, 5
1, 14, 1, -3.059, 2.895, -0.847, -0.364, -0.484, 1.025, 0.502, 0.506, -0.733, 0.078, 6
1, 14, 1, -3.661, 0.3, 0.53, 1.816, 0.333, 0.444, -0.858, -0.732, -0.809, 0.995, 0
1, 14, 1, -3.242, 1.615, -0.829, 1.589, 0.09, 0.051, -0.504, -0.211, -0.513, 1.005, 2
1, 14, 1, -3.232, 1.551, -0.832, 1.674, -0.042, 0.296, -0.553, -0.443, -0.413, 0.96, 2
1, 14, 1, -2.938, 2.782, -1.111, -0.076, 0.0, 0.582, 0.252, -0.4, -0.773, 0.838, 5
1, 14, 1, -3.325, 2.141, -0.528, 0.439, 0.099, 0.321, 0.217, 0.135, -1.388, 0.746, 10
1, 14, 1, -3.461, 0.04, 0.553, 1.854, 0.386, 0.568, -1.003, -0.638, -1.04, 1.051, 0
1, 14, 1, -3.546, 1.064, -0.0060, 1.455, 0.847, 1.117, 0.073, -0.025, -1.318, 0.557, 1
1, 14, 1, -3.32, 1.553, -0.586, 1.688, -0.262, 0.392, -0.478, -0.461, -0.522, 0.929, 2
1, 14, 1, -3.952, 2.489, 0.287, 0.012, 0.141, 0.892, -0.087, 0.613, -0.685, -0.623, 8
