@relation vowel
@attribute TT integer [0, 1]
@attribute SpeakerNumber integer [0, 14]
@attribute Sex integer [0, 1]
@attribute F0 real [-5.211, -0.941]
@attribute F1 real [-1.274, 5.074]
@attribute F2 real [-2.487, 1.431]
@attribute F3 real [-1.409, 2.377]
@attribute F4 real [-2.127, 1.831]
@attribute F5 real [-0.836, 2.327]
@attribute F6 real [-1.537, 1.403]
@attribute F7 real [-1.293, 2.039]
@attribute F8 real [-1.613, 1.309]
@attribute F9 real [-1.68, 1.396]
@attribute Class {0, 1, 2, 3, 4, 5, 6, 7, 8, 9, 10}
@inputs TT, SpeakerNumber, Sex, F0, F1, F2, F3, F4, F5, F6, F7, F8, F9
@outputs Class
@data
0, 0, 0, -3.639, 0.418, -0.67, 1.779, -0.168, 1.627, -0.388, 0.529, -0.874, -0.814, 0
0, 0, 0, -2.852, 1.914, -0.755, 0.825, -1.588, 0.855, 0.217, -0.246, 0.238, -0.365, 5
0, 0, 0, -3.482, 2.524, -0.433, 1.048, -1.995, 0.902, 0.322, 0.45, 0.377, -0.366, 6
0, 0, 0, -2.54, 2.144, -1.024, 0.933, -1.567, 1.024, 0.188, -0.047, 0.309, -0.633, 4
0, 0, 0, -3.712, 1.816, -1.171, 0.647, -0.767, 1.698, -0.347, 0.92, 0.159, -0.359, 8
0, 0, 0, -2.859, 1.627, -1.14, 0.769, -0.948, 1.39, -0.608, 0.956, -0.204, -0.727, 10
0, 0, 0, -2.289, 1.845, -1.616, 0.987, -0.876, 1.044, -0.549, 0.196, -0.07, -0.814, 3
0, 0, 0, -3.015, 2.232, -0.899, 0.574, -1.331, 0.546, 0.61, -0.452, 0.035, -0.156, 5
0, 0, 0, -2.255, 0.902, -1.723, 0.454, -0.524, 1.453, -0.614, 0.761, -0.885, -0.118, 2
0, 0, 0, -3.604, 0.235, -0.836, 1.786, -0.153, 1.642, -0.096, 0.488, -0.524, -1.003, 0
0, 0, 0, -2.302, 0.85, -1.646, 0.455, -0.488, 1.491, -0.617, 0.819, -0.887, -0.08, 2
0, 1, 0, -2.654, 2.39, -0.0080, 0.07, -1.063, 0.304, -0.105, 0.281, 0.488, -0.382, 4
0, 1, 0, -2.67, 2.696, -0.231, -0.028, -1.014, 0.486, -0.137, 0.448, 0.285, -0.482, 4
0, 1, 0, -4.267, 3.01, 0.172, 0.028, -0.827, 0.532, 0.099, 0.326, 0.34, 0.696, 8
0, 1, 0, -1.856, 0.063, -1.011, -0.238, -0.152, 1.461, 0.572, 0.775, 0.154, -0.31, 1
0, 1, 0, -1.914, 1.473, -1.342, -0.013, -0.213, 0.253, 0.0050, 0.229, -0.0090, -0.445, 3
0, 1, 0, -1.895, -0.012, -0.97, -0.152, -0.161, 1.509, 0.487, 0.809, 0.044, -0.264, 1
0, 1, 0, -2.945, 1.724, -0.312, -0.239, -0.447, 1.36, 0.014, -0.102, 0.021, -0.564, 10
0, 1, 0, -2.748, 3.217, -0.976, -0.213, -0.792, 0.771, -0.032, 0.223, 0.043, -0.825, 4
0, 1, 0, -3.963, 3.938, 0.466, -0.564, -1.042, -0.064, 0.241, 0.888, -0.032, 0.798, 7
0, 2, 0, -3.972, 2.279, -0.62, 0.954, -1.09, 0.719, 0.717, 0.3, 1.309, 0.171, 9
0, 2, 0, -2.979, 1.795, -0.87, 1.427, -0.93, 1.323, -0.212, 1.286, -0.135, -0.496, 10
0, 2, 0, -1.332, 0.848, -1.665, 0.97, -0.463, 1.522, -0.159, 1.101, -0.541, -0.05, 2
0, 2, 0, -2.043, 1.95, -0.435, 1.341, -1.049, 0.558, -0.237, 1.237, -0.283, 0.306, 5
0, 2, 0, -3.836, 3.699, -0.225, 1.52, -1.729, -0.184, 0.064, 0.97, 0.5, -0.13, 7
0, 2, 0, -3.478, 1.703, -0.557, 2.191, -1.043, 0.339, -0.0040, 0.587, 0.45, 0.0060, 8
0, 2, 0, -1.417, -0.319, -2.254, 1.072, -0.221, 2.268, 0.43, 0.923, -1.486, -0.698, 0
0, 2, 0, -1.22, 0.831, -1.674, 0.94, -0.425, 1.463, -0.063, 1.135, -0.422, 0.06, 2
0, 2, 0, -1.501, 1.611, -1.003, 1.156, -0.883, 0.901, -0.169, 0.862, -0.151, 0.164, 3
0, 2, 0, -3.763, 3.252, -0.262, 1.52, -1.684, -0.225, 0.235, 0.989, 0.616, 0.046, 7
0, 2, 0, -1.475, 1.557, -1.009, 1.202, -0.846, 0.883, -0.138, 0.822, -0.165, 0.198, 3
0, 2, 0, -1.824, 1.682, -0.669, 1.483, -1.036, 0.711, -0.249, 1.193, -0.274, 0.224, 5
0, 2, 0, -2.574, 1.814, -0.167, 1.826, -1.156, 0.12, -0.609, 1.543, 0.11, 0.75, 6
0, 2, 0, -3.545, 1.926, -0.512, 1.732, -1.109, 1.006, 0.021, 0.82, 0.731, -0.639, 8
0, 2, 0, -2.447, 1.914, -0.208, 1.641, -1.159, 0.104, -0.539, 1.58, 0.058, 0.786, 6
0, 3, 0, -3.601, 0.742, -0.238, 0.332, -0.561, 1.275, -0.014, 0.844, 0.558, 0.659, 9
0, 3, 0, -2.007, 1.814, -0.581, -0.027, 0.127, 0.081, 0.089, -0.016, 0.115, -0.719, 3
0, 3, 0, -2.559, 2.3, 0.408, -0.0010, -1.077, 0.125, -0.254, 0.975, 0.07, -0.47, 4
0, 3, 0, -3.772, 0.904, -0.195, 0.317, -0.473, 1.31, -0.043, 0.898, 0.536, 0.503, 9
0, 3, 0, -2.531, 1.802, 0.739, 0.236, -1.169, -0.069, -0.349, 0.903, 0.123, -0.119, 4
0, 3, 0, -3.179, 1.346, 0.988, 1.32, -0.852, -0.0080, -1.234, 0.347, 1.02, 0.771, 6
0, 3, 0, -3.576, 1.357, 0.912, 1.878, -1.166, 0.039, -1.537, 0.658, 0.843, 1.087, 7
0, 3, 0, -3.155, 1.021, 0.455, 0.624, -1.306, 0.842, -0.123, 0.909, 0.328, 0.876, 8
0, 3, 0, -1.953, -0.596, -1.543, 0.619, 0.056, 1.742, 0.592, 1.289, -0.163, -0.523, 0
0, 3, 0, -4.394, 1.162, 0.157, 0.608, -0.409, 1.352, -0.243, 0.758, 0.447, 0.096, 9
0, 3, 0, -2.704, 0.917, 0.267, 0.314, -0.756, 0.818, -0.114, 0.673, 0.261, 0.056, 10
0, 3, 0, -2.058, -0.61, -1.497, 0.696, 0.072, 1.802, 0.626, 1.303, -0.192, -0.538, 0
0, 3, 0, -1.537, 0.043, -1.125, -0.213, -0.378, 1.265, 0.33, 0.87, 0.293, -0.393, 1
0, 3, 0, -3.246, 0.712, 0.39, 0.82, -1.352, 1.074, 0.197, 0.857, -0.056, 0.485, 8
0, 3, 0, -4.521, 1.43, 0.162, 0.58, -0.351, 1.339, -0.259, 0.81, 0.431, -0.102, 9
0, 4, 1, -3.034, -1.274, 0.263, 1.521, 0.66, 1.622, -0.361, -0.468, -0.74, 0.517, 0
0, 4, 1, -3.118, 0.356, 0.377, 1.447, 0.868, 0.407, -0.915, -0.546, -0.637, 0.169, 1
0, 4, 1, -3.533, 2.319, 1.085, 0.247, -1.053, -0.429, -0.026, 1.305, -0.243, -0.671, 6
0, 4, 1, -2.861, 2.091, -0.411, -0.438, -0.643, 0.317, 0.817, 0.104, -0.481, -0.252, 4
0, 4, 1, -2.445, 1.503, -0.677, -0.46, -0.14, -0.0020, 1.014, 0.061, -0.599, 0.175, 5
0, 4, 1, -3.406, 2.403, 1.025, 0.108, -1.1, -0.316, 0.099, 1.541, -0.304, -0.671, 6
0, 4, 1, -1.693, 0.807, -0.038, -0.051, -0.174, -0.372, 0.117, 0.053, -0.611, 0.3, 3
0, 4, 1, -3.587, 3.128, 0.885, -0.188, -1.164, -0.215, 0.051, 1.344, -0.641, -0.253, 6
0, 4, 1, -4.222, 3.886, 0.016, -0.144, -1.132, -0.053, 0.519, 1.024, 0.075, -0.226, 7
0, 4, 1, -4.21, 3.869, 0.164, -0.047, -1.251, -0.102, 0.276, 0.919, 0.091, -0.159, 7
0, 4, 1, -2.942, 2.091, -0.353, -0.364, -0.61, 0.401, 0.864, 0.191, -0.764, -0.235, 4
0, 4, 1, -3.661, 3.266, -0.117, -0.237, -0.755, 0.092, 0.686, 0.381, -0.58, -0.687, 6
0, 4, 1, -4.216, 3.638, 0.192, -0.023, -1.231, -0.32, 0.128, 1.03, 0.061, -0.179, 7
0, 5, 1, -3.322, -0.303, -0.5, 0.963, 0.921, 0.981, 1.059, -1.079, -1.004, 0.112, 0
0, 5, 1, -3.844, 1.056, -0.19, 1.685, 0.617, 1.245, -0.811, -0.506, -1.128, 0.076, 1
0, 5, 1, -4.708, 3.269, -1.121, 0.701, 0.437, 0.176, 0.552, 0.0040, -0.168, -1.484, 9
0, 5, 1, -3.347, -0.159, -0.414, 0.922, 0.973, 0.978, 0.929, -1.211, -1.268, 0.278, 0
0, 5, 1, -3.086, 1.01, -0.627, 1.508, 0.338, 0.747, -0.479, -0.323, -1.087, 0.645, 2
0, 5, 1, -2.511, 1.511, -0.555, 0.226, -0.735, 0.631, -0.0060, 0.52, -0.138, -0.651, 5
0, 5, 1, -3.124, 2.733, -0.857, -0.334, -0.312, 0.587, 0.849, 0.475, -0.174, -0.899, 6
0, 5, 1, -3.006, 1.407, -0.875, 0.945, -0.495, 0.721, 0.212, 0.75, -0.037, -1.054, 10
0, 5, 1, -2.973, 1.304, -0.849, 0.984, -0.508, 0.59, 0.248, 0.728, 0.073, -1.107, 10
0, 5, 1, -3.462, 2.648, -0.447, -0.0, -0.416, 0.767, 0.569, -0.072, -0.08, -0.798, 6
0, 5, 1, -4.885, 3.967, -0.948, 0.373, 0.255, -0.121, 0.43, -0.013, 0.018, -1.518, 9
0, 6, 1, -3.208, -0.608, -0.516, 1.098, 1.529, 1.069, 0.186, -0.947, -0.248, -0.059, 0
0, 6, 1, -1.926, 2.172, -0.571, 0.257, -0.159, -0.493, 0.27, -0.153, -0.673, -0.0050, 3
0, 6, 1, -2.512, 2.826, -0.171, -0.385, -1.495, 0.381, 0.067, 0.899, -0.902, -0.412, 4
0, 6, 1, -2.708, 2.396, 0.728, 0.336, -1.437, -0.344, -0.411, 1.469, -0.022, -0.717, 6
0, 6, 1, -3.586, -0.38, -0.359, 1.307, 1.587, 0.99, 0.18, -0.831, -0.471, 0.198, 0
0, 6, 1, -4.107, 2.17, 0.206, -0.811, 0.334, 0.633, 0.402, 1.097, -1.327, -0.04, 8
0, 6, 1, -4.417, 3.765, -1.225, -0.853, 0.041, 0.536, 0.885, 0.533, -0.757, -0.789, 7
0, 6, 1, -4.07, 2.254, -0.28, -0.722, 0.696, 0.683, 0.243, 0.689, -1.45, 0.19, 8
0, 6, 1, -5.08, 2.241, 0.971, -0.374, 0.501, 0.226, 0.144, 0.851, -1.319, -0.3, 9
0, 6, 1, -3.183, 0.154, -0.413, 0.923, 1.091, 0.582, -0.447, -0.085, -0.904, 0.693, 1
0, 6, 1, -2.514, 0.558, -0.777, 1.299, 0.027, 0.247, -0.487, -0.653, -0.028, 0.481, 2
0, 6, 1, -3.096, 0.103, -0.452, 0.879, 1.067, 0.497, -0.296, -0.067, -0.973, 0.711, 1
0, 6, 1, -2.658, 2.739, -0.382, -0.31, -1.64, 0.081, 0.276, 0.884, -0.535, -0.548, 4
0, 7, 1, -5.058, 2.236, 1.381, 1.885, -0.259, -0.483, -0.562, 0.123, -0.063, 0.663, 0
0, 7, 1, -4.181, 1.646, 0.736, 1.286, 0.724, -0.511, -1.126, -0.45, -0.648, 0.995, 1
0, 7, 1, -5.124, 2.319, 1.413, 1.804, -0.277, -0.33, -0.746, 0.221, 0.06, 0.46, 0
0, 7, 1, -4.393, 2.137, 0.57, 1.397, 0.293, -0.836, -0.966, -0.461, -0.277, 1.184, 1
0, 7, 1, -3.654, 1.222, -0.574, 0.248, -0.299, 0.158, 0.154, 0.553, -0.58, 0.617, 3
0, 7, 1, -3.001, 2.263, -1.178, -0.116, -0.922, 0.536, 1.286, -0.506, -0.566, -0.102, 4
0, 7, 1, -4.471, 4.096, -0.809, -0.881, 0.646, 0.539, 0.04, 0.142, -1.555, -0.023, 8
0, 7, 1, -3.765, 1.97, -0.955, 0.304, -0.735, 0.41, 0.38, 0.146, -0.536, 0.738, 5
0, 7, 1, -4.149, 1.129, -0.0080, 1.215, 0.39, -0.474, -0.4, -0.343, -0.344, 0.886, 2
0, 7, 1, -3.581, 1.188, -0.958, 0.189, -0.077, 0.451, 0.049, 0.449, -0.676, 0.919, 3
0, 7, 1, -3.82, 1.705, -1.13, 0.45, -0.471, 0.665, 0.298, -0.175, -0.473, 0.848, 5
0, 7, 1, -3.622, 0.988, -1.108, 0.685, -0.693, 0.754, 0.442, 0.166, -0.458, 0.738, 3
1, 8, 0, -2.505, 0.632, -0.593, 0.304, 0.496, 0.824, -0.162, 0.181, -0.363, -0.764, 2
1, 8, 0, -3.816, 3.426, 0.224, -0.384, -1.733, 0.434, -0.322, 1.333, 0.653, 0.577, 7
1, 8, 0, -1.707, 1.652, -1.012, -0.622, -0.293, 0.279, -0.276, 0.477, 0.05, -0.2, 3
1, 8, 0, -1.716, 1.186, -0.809, -0.515, -0.35, 0.29, -0.404, 0.678, 0.172, -0.212, 3
1, 8, 0, -2.971, 0.463, -0.195, 0.323, -0.625, 0.941, -0.327, 0.78, 0.552, 0.436, 10
1, 8, 0, -1.793, 0.925, -0.739, -0.396, -0.211, 0.329, -0.403, 0.604, 0.197, -0.251, 3
1, 8, 0, -2.696, 1.26, 0.436, 0.657, -1.161, 0.805, 0.062, 0.575, 0.182, -0.334, 5
1, 8, 0, -3.776, 1.752, 0.92, 0.722, -1.164, 0.774, -0.01, 0.657, 0.248, 1.055, 8
1, 8, 0, -3.108, 0.926, -0.389, 0.249, -0.461, 0.816, -0.226, 0.818, 0.387, 0.303, 10
1, 8, 0, -3.992, 3.342, 0.167, 0.086, -1.23, -0.216, -0.824, 0.837, 0.521, 0.978, 7
1, 8, 0, -3.375, 1.779, -0.822, 0.382, -0.019, 0.845, 0.123, 0.767, 0.223, -0.337, 10
1, 8, 0, -3.312, -0.776, -0.504, 1.39, 0.86, 1.257, 0.222, 0.314, -0.715, -0.765, 0
1, 8, 0, -1.222, 0.491, -0.716, 0.0040, -0.323, 1.108, -0.148, 0.773, 0.387, -0.073, 2
1, 8, 0, -4.756, 0.965, 0.959, 2.287, -0.527, 0.454, -0.41, -0.362, -0.862, 1.088, 9
1, 9, 0, -3.297, 2.88, -0.859, -0.301, -1.02, 0.798, 0.288, 0.855, -0.528, -0.662, 6
1, 9, 0, -4.693, 3.146, -0.136, 0.587, -0.731, 1.055, -0.104, -0.021, 0.637, -0.192, 9
1, 9, 0, -2.785, 2.792, -1.924, 0.225, -0.985, 1.076, 0.07, -0.071, -0.257, -0.135, 4
1, 9, 0, -2.538, 2.351, -1.029, 0.146, -0.922, 0.201, -0.058, 0.835, -0.712, -0.074, 5
1, 9, 0, -3.485, 1.092, -0.674, 1.395, -0.027, 1.039, -0.047, 0.384, -0.761, -0.934, 1
1, 9, 0, -3.725, 1.904, -0.737, 0.433, -0.369, 1.047, 0.12, 0.425, -0.678, -0.391, 10
1, 9, 0, -1.925, 1.517, -0.999, 0.634, -1.27, 0.207, 0.385, 0.0040, -0.141, -0.624, 3
1, 9, 0, -1.948, 1.536, -1.012, 0.537, -1.229, 0.183, 0.46, -0.0020, -0.178, -0.576, 3
1, 10, 0, -2.966, 0.659, -1.057, 1.36, 0.152, 1.435, 0.197, 0.926, -0.45, -0.637, 1
1, 10, 0, -2.695, 1.119, -0.986, 0.172, 0.499, 0.372, 0.088, 0.63, -0.721, -0.256, 2
1, 10, 0, -3.548, 1.611, -0.85, 0.374, 0.168, 0.318, 0.463, 0.863, -1.131, -0.334, 10
1, 10, 0, -4.052, 0.35, -0.314, 1.734, 0.127, 1.667, 0.512, -0.377, -0.358, -0.855, 0
1, 10, 0, -4.089, 3.712, 0.315, -0.05, -0.929, 0.018, -0.35, 1.77, 0.244, -0.301, 7
1, 10, 0, -3.989, 3.582, -1.1, 0.374, -0.12, 0.291, 0.663, 0.96, 0.023, -0.477, 8
1, 10, 0, -3.707, 1.486, -0.494, 0.402, 0.183, 0.186, 0.234, 1.029, -0.856, -0.408, 10
1, 10, 0, -3.053, 0.716, -1.024, 1.422, 0.184, 1.473, 0.261, 0.983, -0.431, -0.717, 1
1, 10, 0, -2.445, 2.678, -0.816, -0.743, 0.076, 1.117, -0.057, 0.018, 0.281, -0.72, 5
1, 10, 0, -3.676, -0.185, -0.563, 2.377, 0.096, 1.854, 0.303, 0.296, -0.358, -1.205, 0
1, 10, 0, -2.316, 2.007, -1.365, 0.181, 0.206, 0.071, 0.037, 0.814, -0.332, -0.753, 3
1, 10, 0, -3.034, 0.452, -0.946, 0.931, 0.128, 1.514, 0.142, 0.932, -0.104, -0.974, 1
1, 10, 0, -2.382, 1.984, -1.096, -0.103, 0.369, 0.204, -0.125, 0.752, -0.136, -0.959, 3
1, 10, 0, -3.979, 3.661, 0.169, -0.598, -1.412, 0.569, 0.0090, 1.939, 0.094, -0.149, 7
1, 10, 0, -2.703, 2.066, 0.205, -0.63, -0.345, 1.229, 0.403, -0.032, 0.247, -0.696, 5
1, 10, 0, -3.015, 2.219, 0.996, -0.455, -1.514, 0.047, 0.864, 0.468, 0.657, -0.343, 6
1, 10, 0, -4.047, 2.626, -0.597, 0.823, -0.266, 0.048, 0.049, 0.882, 0.359, -0.203, 8
1, 11, 0, -2.012, 1.134, -1.029, 0.205, 0.661, 0.359, 0.456, 0.372, -0.939, -0.613, 2
1, 11, 0, -2.565, 1.871, -0.269, 0.187, -0.656, 0.267, -0.328, 0.184, 0.348, -0.511, 4
1, 11, 0, -2.346, 1.604, -0.283, 0.393, -0.416, 0.268, -0.463, 0.387, 0.253, -0.504, 5
1, 11, 0, -3.008, 2.882, -0.9, 0.214, -0.565, -0.197, 0.449, 0.305, 0.413, -0.3, 6
1, 11, 0, -2.961, 0.766, -0.8, 0.962, 0.658, 1.012, 0.347, -0.015, -0.425, -0.746, 1
1, 11, 0, -4.135, 3.651, -0.751, -0.066, -0.789, 1.131, 0.496, 0.788, -0.883, -0.351, 8
1, 11, 0, -4.028, 0.982, -0.648, 1.478, -0.048, 2.108, -0.146, 0.467, -0.654, -0.193, 9
1, 11, 0, -2.306, 1.086, -0.59, 0.106, 0.931, 0.733, 0.213, 0.274, -0.684, -0.911, 2
1, 11, 0, -2.175, 1.631, -0.331, -0.203, -0.159, 0.246, 0.18, -0.093, -0.351, -0.267, 3
1, 11, 0, -2.723, 1.975, -0.636, 0.336, -0.677, 0.156, -0.342, 0.479, 0.381, -0.729, 4
1, 11, 0, -2.46, -0.325, -1.404, 0.928, 0.122, 2.049, 0.274, 0.532, -1.113, -0.769, 0
1, 11, 0, -4.048, 3.753, -1.15, -0.209, -0.53, 0.871, 0.445, 0.716, -0.131, 0.139, 7
1, 11, 0, -2.385, 1.01, -0.754, 0.37, 0.785, 0.471, 0.415, 0.318, -0.797, -0.679, 2
1, 11, 0, -4.172, 3.07, -0.781, 0.516, -0.627, 1.006, 0.531, 0.441, -0.102, -0.456, 8
1, 11, 0, -4.494, 1.535, -0.495, 1.715, 0.044, 1.892, -0.367, 0.362, -0.583, -0.291, 9
1, 12, 1, -3.439, 1.007, 0.02, 1.491, 0.777, 0.257, -0.777, -0.282, -0.707, 0.746, 1
1, 12, 1, -4.471, 3.192, -0.161, 0.117, -0.327, 0.406, -0.201, 0.919, -0.716, -0.933, 9
1, 12, 1, -3.012, 2.252, -0.806, 0.389, -0.11, 0.649, -0.328, 0.321, -0.559, 0.234, 10
1, 12, 1, -2.247, 3.42, -0.887, -0.823, -0.297, 0.774, 0.185, -0.242, -0.79, 0.046, 4
1, 12, 1, -3.699, -0.251, 0.268, 1.585, 0.85, 1.381, -0.867, -0.71, -0.19, 0.567, 0
1, 12, 1, -3.266, 0.577, -0.261, 1.481, 0.874, 0.301, -0.496, -0.012, -0.623, 0.879, 1
1, 12, 1, -2.305, 3.625, -1.203, -0.665, -0.296, 0.775, 0.197, -0.282, -0.842, 0.188, 4
1, 12, 1, -2.489, 2.379, -0.523, -0.158, -0.178, 0.406, 0.198, 0.059, -0.589, -0.256, 5
1, 12, 1, -2.898, 3.393, -0.409, -0.993, -0.587, 1.322, 0.24, 0.231, -1.068, -0.094, 6
1, 12, 1, -4.283, 2.829, 0.296, 0.086, -0.544, 0.501, -0.317, 0.995, -0.34, -1.113, 9
1, 12, 1, -3.155, 0.613, -0.285, 1.287, 0.882, 0.337, -0.624, 0.067, -0.516, 0.891, 1
1, 12, 1, -2.762, 1.51, -0.145, 1.157, -0.256, 0.041, -0.647, -0.324, -0.128, 0.806, 2
1, 12, 1, -2.364, 3.743, -1.393, -0.361, -0.354, 1.004, 0.208, -0.376, -1.046, 0.722, 4
1, 12, 1, -2.577, 2.449, -0.38, 0.174, -0.41, 0.383, 0.19, 0.097, -0.489, -0.084, 5
1, 12, 1, -2.708, 2.56, -0.439, 0.324, -0.348, 0.429, 0.091, -0.037, -0.434, 0.344, 5
1, 12, 1, -2.883, 3.576, -1.198, -0.562, -0.162, 0.974, 0.764, -0.03, -1.023, 0.346, 6
1, 12, 1, -4.568, 3.344, -0.0050, -0.092, -0.546, 0.479, -0.168, 1.186, -0.565, -1.025, 9
1, 13, 1, -4.057, 1.925, 0.521, 1.331, 0.273, -0.167, -0.365, -0.665, -0.512, 0.716, 1
1, 13, 1, -3.747, 4.267, -1.847, -0.235, 0.38, 0.885, -0.049, -0.258, -0.772, -0.11, 7
1, 13, 1, -4.039, 2.061, -0.727, 0.888, 0.302, 0.413, -0.381, -0.194, -0.614, 0.41, 8
1, 13, 1, -4.689, 1.015, 1.312, 1.802, 0.313, -0.405, -0.663, 0.106, -0.325, 0.838, 0
1, 13, 1, -2.972, 1.151, -0.293, 1.609, -0.724, 0.123, -0.087, -0.801, 0.04, 1.07, 2
1, 13, 1, -3.075, 1.824, -0.905, 0.727, 0.155, 0.608, -0.075, -0.377, -0.74, 0.852, 5
1, 13, 1, -3.455, 2.561, -0.421, 0.847, 0.33, 0.057, -0.177, -0.494, -0.786, 0.951, 10
1, 13, 1, -3.492, 3.446, -1.734, 0.705, -0.23, 1.339, 0.092, -0.698, -1.143, -0.05, 6
1, 13, 1, -4.052, 2.335, -0.415, 0.732, 0.234, 0.426, -0.49, -0.218, -0.618, 0.34, 8
1, 13, 1, -4.001, 2.284, -0.365, 2.106, 1.006, -0.028, -0.825, -0.39, -0.898, 0.099, 9
1, 13, 1, -2.965, 1.124, -0.349, 1.581, -0.666, 0.125, -0.025, -0.887, -0.13, 1.11, 2
1, 13, 1, -3.371, 2.007, -0.919, 0.843, 0.221, 0.541, -0.317, -0.37, -0.5, 0.652, 5
1, 13, 1, -3.852, 4.214, -1.556, -0.336, -0.305, 1.133, -0.152, 0.237, -0.915, -0.445, 7
1, 13, 1, -2.959, 1.061, -0.351, 1.745, -0.851, 0.344, -0.373, -0.729, 0.048, 0.815, 2
1, 13, 1, -2.902, 2.796, -1.199, 0.234, -0.821, 1.257, 0.263, -0.075, -1.103, 0.417, 4
1, 13, 1, -3.636, 2.719, -0.178, 0.665, 0.099, -0.084, -0.333, -0.362, -1.049, 0.978, 10
1, 14, 1, -3.642, 3.582, -1.031, -0.761, 0.046, 1.255, 0.841, 0.512, -0.259, -0.447, 7
1, 14, 1, -4.008, 2.141, -0.18, 1.041, 0.688, 0.712, -0.879, -0.201, -1.066, -0.549, 9
1, 14, 1, -3.451, 2.257, -0.845, 0.432, 0.486, 0.266, -0.215, 0.0060, -1.082, 0.759, 10
1, 14, 1, -3.369, 1.784, -0.603, 1.303, 0.0070, -0.044, -0.459, -0.012, -0.591, 1.047, 2
1, 14, 1, -3.924, 2.726, 0.414, -0.155, -0.02, 0.893, -0.188, 0.552, -0.507, -0.617, 8
1, 14, 1, -3.432, 2.235, -0.753, 0.361, 0.435, 0.425, -0.193, 0.012, -1.166, 0.794, 10
1, 14, 1, -3.048, 2.817, -0.703, -0.396, -0.639, 0.92, 0.674, 0.686, -0.611, -0.053, 6
1, 14, 1, -3.66, 3.618, -1.051, -0.748, 0.08, 1.022, 0.914, 0.613, 0.023, -0.448, 7
1, 14, 1, -3.919, 2.575, 0.471, -0.064, -0.042, 0.88, -0.128, 0.612, -0.504, -0.539, 8
1, 14, 1, -3.396, 2.257, -0.602, 0.407, 0.204, 0.366, 0.067, 0.044, -1.352, 0.871, 10
1, 14, 1, -3.706, 3.627, -0.889, -0.789, -0.093, 1.223, 0.814, 0.563, 0.062, -0.449, 7
1, 14, 1, -4.211, 2.811, 0.016, 0.799, 0.514, 0.496, -1.219, -0.238, -0.798, -0.392, 9
